[100, 0, 1]
[100, 0, 1]
[100, 0, 1]
[98, 1, 1]
[97, 0, 2]
[98, 1, 1]
[97, 0, 2]
[97, 0, 2]
[97, 0, 2]
[97, 0, 2]
[97, 0, 2]
[97, 0, 2]
[97, 0, 2]
[97, 0, 2]
[97, 0, 2]
[97, 0, 2]
[97, 0, 2]
[97, 0, 2]
[97, 0, 2]
[97, 0, 2]
[97, 0, 2]
[97, 0, 2]
[97, 0, 2]
[95, 1, 2]
[95, 1, 2]
[95, 1, 2]
[95, 1, 2]
[95, 1, 2]
[97, 0, 2]
[95, 1, 2]
[95, 1, 2]
[95, 1, 2]
[95, 1, 2]
[95, 1, 2]
[95, 1, 2]
[95, 1, 2]
[94, 0, 3]
[94, 0, 3]
[94, 0, 3]
[94, 0, 3]
[94, 0, 3]
[94, 0, 3]
[94, 0, 3]
[92, 1, 3]
[92, 1, 3]
[92, 1, 3]
[92, 1, 3]
[92, 1, 3]
[92, 1, 3]
[92, 1, 3]
[92, 1, 3]
[92, 1, 3]
[92, 1, 3]
[92, 1, 3]
[92, 1, 3]
[92, 1, 3]
[92, 1, 3]
[92, 1, 3]
[92, 1, 3]
[92, 1, 3]
[92, 1, 3]
[92, 1, 3]
[92, 1, 3]
[92, 1, 3]
[90, 2, 3]
[90, 2, 3]
[90, 2, 3]
[90, 2, 3]
[90, 2, 3]
[90, 2, 3]
[90, 2, 3]
[88, 3, 3]
[88, 3, 3]
[88, 3, 3]
[88, 3, 3]
[88, 3, 3]
[88, 3, 3]
[88, 3, 3]
[87, 2, 4]
[87, 2, 4]
[87, 2, 4]
[87, 2, 4]
[87, 2, 4]
[87, 2, 4]
[87, 2, 4]
[88, 3, 3]
[87, 2, 4]
[87, 2, 4]
[87, 2, 4]
[87, 2, 4]
[87, 2, 4]
[87, 2, 4]
[87, 2, 4]
[87, 2, 4]
[87, 2, 4]
[87, 2, 4]
[87, 2, 4]
[87, 2, 4]
[87, 2, 4]
[85, 3, 4]
[85, 3, 4]
[85, 3, 4]
[85, 3, 4]
[85, 3, 4]
[85, 3, 4]
[85, 3, 4]
[83, 4, 4]
[83, 4, 4]
[83, 4, 4]
[83, 4, 4]
[83, 4, 4]
[83, 4, 4]
[83, 4, 4]
[83, 4, 4]
[83, 4, 4]
[83, 4, 4]
[83, 4, 4]
[83, 4, 4]
[83, 4, 4]
[83, 4, 4]
[83, 4, 4]
[82, 3, 5]
[83, 4, 4]
[82, 3, 5]
[83, 4, 4]
[82, 3, 5]
[83, 4, 4]
[82, 3, 5]
[83, 4, 4]
[82, 3, 5]
[82, 3, 5]
[82, 3, 5]
[82, 3, 5]
[82, 3, 5]
[82, 3, 5]
[82, 3, 5]
[82, 3, 5]
[82, 3, 5]
[80, 4, 5]
[80, 4, 5]
[80, 4, 5]
[80, 4, 5]
[80, 4, 5]
[80, 4, 5]
[80, 4, 5]
[80, 4, 5]
[80, 4, 5]
[80, 4, 5]
[80, 4, 5]
[80, 4, 5]
[80, 4, 5]
[80, 4, 5]
[80, 4, 5]
[80, 4, 5]
[80, 4, 5]
[80, 4, 5]
[80, 4, 5]
[80, 4, 5]
[80, 4, 5]
[80, 4, 5]
[80, 4, 5]
[80, 4, 5]
[80, 4, 5]
[80, 4, 5]
[80, 4, 5]
[80, 4, 5]
[80, 4, 5]
[80, 4, 5]
[80, 4, 5]
[80, 4, 5]
[80, 4, 5]
[80, 4, 5]
[80, 4, 5]
[78, 5, 5]
[78, 5, 5]
[78, 5, 5]
[78, 5, 5]
[78, 5, 5]
[78, 5, 5]
[78, 5, 5]
[77, 4, 6]
[77, 4, 6]
[77, 4, 6]
[75, 5, 6]
[75, 5, 6]
[75, 5, 6]
[75, 4, 5, 0, 1]
[75, 4, 5, 0, 1]
[75, 4, 5, 0, 1]
[75, 4, 5, 0, 1]
[75, 4, 5, 0, 1]
[73, 5, 5, 0, 1]
[73, 5, 5, 0, 1]
[73, 5, 5, 0, 1]
[73, 5, 5, 0, 1]
[73, 5, 5, 0, 1]
[71, 6, 5, 0, 1]
[71, 6, 5, 0, 1]
[71, 6, 5, 0, 1]
[71, 6, 5, 0, 1]
[71, 6, 5, 0, 1]
[73, 5, 5, 0, 1]
[71, 6, 5, 0, 1]
[73, 5, 5, 0, 1]
[71, 6, 5, 0, 1]
[71, 6, 5, 0, 1]
[71, 6, 5, 0, 1]
[70, 5, 6, 0, 1]
[70, 5, 6, 0, 1]
[70, 5, 6, 0, 1]
[70, 5, 6, 0, 1]
[70, 5, 6, 0, 1]
[70, 5, 6, 0, 1]
[70, 5, 6, 0, 1]
[70, 5, 6, 0, 1]
[70, 5, 6, 0, 1]
[70, 5, 6, 0, 1]
[70, 5, 6, 0, 1]
[70, 5, 6, 0, 1]
[70, 5, 6, 0, 1]
[68, 6, 6, 0, 1]
[68, 6, 6, 0, 1]
[68, 6, 6, 0, 1]
[68, 6, 6, 0, 1]
[68, 6, 6, 0, 1]
[68, 6, 6, 0, 1]
[68, 6, 6, 0, 1]
[68, 6, 6, 0, 1]
[68, 6, 6, 0, 1]
[68, 6, 6, 0, 1]
[68, 6, 6, 0, 1]
[67, 5, 7, 0, 1]
[67, 5, 7, 0, 1]
[67, 5, 7, 0, 1]
[67, 5, 7, 0, 1]
[67, 5, 7, 0, 1]
[67, 5, 7, 0, 1]
[67, 5, 7, 0, 1]
[67, 5, 7, 0, 1]
[67, 5, 7, 0, 1]
[67, 5, 7, 0, 1]
[67, 5, 7, 0, 1]
[67, 5, 7, 0, 1]
[67, 5, 7, 0, 1]
[67, 5, 7, 0, 1]
[67, 5, 7, 0, 1]
[65, 6, 7, 0, 1]
[65, 6, 7, 0, 1]
[65, 6, 7, 0, 1]
[65, 6, 7, 0, 1]
[65, 6, 7, 0, 1]
[65, 6, 7, 0, 1]
[65, 6, 7, 0, 1]
[65, 6, 7, 0, 1]
[65, 6, 7, 0, 1]
[63, 7, 7, 0, 1]
[63, 7, 7, 0, 1]
[63, 7, 7, 0, 1]
[65, 6, 7, 0, 1]
[63, 7, 7, 0, 1]
[63, 7, 7, 0, 1]
[63, 7, 7, 0, 1]
[63, 7, 7, 0, 1]
[63, 7, 7, 0, 1]
[63, 5, 7, 1, 1]
[63, 5, 7, 1, 1]
[63, 5, 7, 1, 1]
[63, 5, 7, 1, 1]
[63, 5, 7, 1, 1]
[63, 5, 7, 1, 1]
[63, 5, 7, 1, 1]
[63, 5, 7, 1, 1]
[63, 5, 7, 1, 1]
[63, 5, 7, 1, 1]
[63, 5, 7, 1, 1]
[61, 6, 7, 1, 1]
[61, 6, 7, 1, 1]
[61, 6, 7, 1, 1]
[61, 6, 7, 1, 1]
[61, 6, 7, 1, 1]
[61, 6, 7, 1, 1]
[61, 6, 7, 1, 1]
[61, 6, 7, 1, 1]
[61, 6, 7, 1, 1]
[61, 6, 7, 1, 1]
[61, 6, 7, 1, 1]
[61, 6, 7, 1, 1]
[61, 6, 7, 1, 1]
[59, 7, 7, 1, 1]
[59, 7, 7, 1, 1]
[59, 7, 7, 1, 1]
[59, 7, 7, 1, 1]
[59, 7, 7, 1, 1]
[59, 7, 7, 1, 1]
[59, 7, 7, 1, 1]
[59, 7, 7, 1, 1]
[59, 7, 7, 1, 1]
[59, 7, 7, 1, 1]
[59, 7, 7, 1, 1]
[59, 7, 7, 1, 1]
[59, 7, 7, 1, 1]
[59, 7, 7, 1, 1]
[59, 7, 7, 1, 1]
[59, 7, 7, 1, 1]
[59, 7, 7, 1, 1]
[59, 7, 7, 1, 1]
[59, 7, 7, 1, 1]
[59, 7, 7, 1, 1]
[59, 7, 7, 1, 1]
[57, 8, 7, 1, 1]
[57, 8, 7, 1, 1]
[57, 8, 7, 1, 1]
[57, 8, 7, 1, 1]
[57, 8, 7, 1, 1]
[57, 8, 7, 1, 1]
[57, 8, 7, 1, 1]
[56, 7, 8, 1, 1]
[56, 7, 8, 1, 1]
[56, 7, 8, 1, 1]
[56, 7, 8, 1, 1]
[56, 7, 8, 1, 1]
[56, 7, 8, 1, 1]
[56, 7, 8, 1, 1]
[56, 7, 8, 1, 1]
[56, 7, 8, 1, 1]
[55, 7, 7, 2, 1]
[55, 7, 7, 2, 1]
[55, 7, 7, 2, 1]
[55, 7, 7, 2, 1]
[55, 7, 7, 2, 1]
[55, 7, 7, 2, 1]
[55, 7, 7, 2, 1]
[55, 7, 7, 2, 1]
[55, 7, 7, 2, 1]
[55, 7, 7, 2, 1]
[55, 7, 7, 2, 1]
[55, 7, 7, 2, 1]
[55, 7, 7, 2, 1]
[55, 7, 7, 2, 1]
[55, 7, 7, 2, 1]
[55, 7, 7, 2, 1]
[55, 7, 7, 2, 1]
[55, 7, 7, 2, 1]
[55, 7, 7, 2, 1]
[55, 7, 7, 2, 1]
[55, 7, 7, 2, 1]
[55, 7, 7, 2, 1]
[55, 7, 7, 2, 1]
[55, 7, 7, 2, 1]
[55, 7, 7, 2, 1]
[55, 7, 7, 2, 1]
[55, 7, 7, 2, 1]
[55, 7, 7, 2, 1]
[55, 7, 7, 2, 1]
[55, 7, 7, 2, 1]
[55, 7, 7, 2, 1]
[55, 7, 7, 2, 1]
[55, 7, 7, 2, 1]
[55, 7, 7, 2, 1]
[55, 7, 7, 2, 1]
[55, 7, 7, 2, 1]
[55, 7, 7, 2, 1]
[54, 7, 6, 3, 1]
[54, 7, 6, 3, 1]
[54, 7, 6, 3, 1]
[54, 7, 6, 3, 1]
[54, 7, 6, 3, 1]
[54, 7, 6, 3, 1]
[54, 7, 6, 3, 1]
[54, 7, 6, 3, 1]
[54, 7, 6, 3, 1]
[54, 7, 6, 3, 1]
[54, 7, 6, 3, 1]
[54, 7, 6, 3, 1]
[54, 7, 6, 3, 1]
[54, 7, 6, 3, 1]
[54, 7, 6, 3, 1]
[54, 7, 6, 3, 1]
[54, 7, 6, 3, 1]
[53, 7, 5, 4, 1]
[53, 7, 5, 4, 1]
[53, 7, 5, 4, 1]
[53, 7, 5, 4, 1]
[53, 7, 5, 4, 1]
[53, 7, 5, 4, 1]
[53, 7, 5, 4, 1]
[53, 7, 5, 4, 1]
[53, 7, 5, 4, 1]
[53, 7, 5, 4, 1]
[53, 7, 5, 4, 1]
[53, 7, 5, 4, 1]
[53, 7, 5, 4, 1]
[51, 8, 5, 4, 1]
[51, 8, 5, 4, 1]
[51, 8, 5, 4, 1]
[51, 8, 5, 4, 1]
[51, 8, 5, 4, 1]
[51, 8, 5, 4, 1]
[51, 8, 5, 4, 1]
[51, 8, 5, 4, 1]
[51, 8, 5, 4, 1]
[51, 8, 5, 4, 1]
[51, 8, 5, 4, 1]
[49, 9, 5, 4, 1]
[49, 9, 5, 4, 1]
[49, 9, 5, 4, 1]
[49, 8, 4, 4, 2]
[49, 8, 4, 4, 2]
[49, 8, 4, 4, 2]
[49, 8, 4, 4, 2]
[49, 8, 4, 4, 2]
[49, 8, 4, 4, 2]
[49, 8, 4, 4, 2]
[49, 8, 4, 4, 2]
[49, 8, 4, 4, 2]
[49, 8, 4, 4, 2]
[49, 8, 4, 4, 2]
[49, 8, 4, 4, 2]
[49, 8, 4, 4, 2]
[49, 8, 4, 4, 2]
[49, 8, 4, 4, 2]
[49, 8, 4, 4, 2]
[49, 8, 4, 4, 2]
[49, 8, 4, 4, 2]
[49, 8, 4, 4, 2]
[49, 8, 4, 4, 2]
[49, 8, 4, 4, 2]
[49, 8, 4, 4, 2]
[49, 8, 4, 4, 2]
[49, 8, 4, 4, 2]
[49, 8, 4, 4, 2]
[49, 8, 4, 4, 2]
[49, 8, 4, 4, 2]
[49, 8, 4, 4, 2]
[49, 8, 4, 4, 2]
[49, 8, 4, 4, 2]
[49, 8, 4, 4, 2]
[49, 8, 4, 4, 2]
[49, 8, 4, 4, 2]
[49, 8, 4, 4, 2]
[49, 8, 4, 4, 2]
[49, 8, 4, 4, 2]
[49, 8, 4, 4, 2]
[49, 8, 4, 4, 2]
[49, 8, 4, 4, 2]
[49, 8, 4, 4, 2]
[49, 8, 4, 4, 2]
[49, 8, 4, 4, 2]
[49, 8, 4, 4, 2]
[47, 9, 4, 4, 2]
[47, 9, 4, 4, 2]
[47, 9, 4, 4, 2]
[47, 9, 4, 4, 2]
[47, 9, 4, 4, 2]
[47, 9, 4, 4, 2]
[47, 9, 4, 4, 2]
[47, 9, 4, 4, 2]
[47, 9, 4, 4, 2]
[47, 9, 4, 4, 2]
[47, 9, 4, 4, 2]
[47, 9, 4, 4, 2]
[47, 9, 4, 4, 2]
[47, 9, 4, 4, 2]
[47, 9, 4, 4, 2]
[47, 9, 4, 4, 2]
[47, 9, 4, 4, 2]
[47, 9, 4, 4, 2]
[47, 9, 4, 4, 2]
[47, 9, 4, 4, 2]
[47, 9, 4, 4, 2]
[47, 9, 4, 4, 2]
[47, 9, 4, 4, 2]
[46, 9, 3, 5, 2]
[46, 9, 3, 5, 2]
[46, 9, 3, 5, 2]
[46, 9, 3, 5, 2]
[46, 9, 3, 5, 2]
[46, 9, 3, 5, 2]
[46, 9, 3, 5, 2]
[46, 9, 3, 5, 2]
[46, 9, 3, 5, 2]
[46, 9, 3, 5, 2]
[46, 9, 3, 5, 2]
[46, 9, 3, 5, 2]
[46, 9, 3, 5, 2]
[46, 9, 3, 5, 2]
[46, 9, 3, 5, 2]
[46, 9, 3, 5, 2]
[46, 9, 3, 5, 2]
[46, 9, 3, 5, 2]
[46, 9, 3, 5, 2]
[46, 9, 3, 5, 2]
[46, 9, 3, 5, 2]
[46, 9, 3, 5, 2]
[46, 9, 3, 5, 2]
[44, 10, 3, 5, 2]
[44, 10, 3, 5, 2]
[44, 10, 3, 5, 2]
[44, 10, 3, 5, 2]
[44, 10, 3, 5, 2]
[44, 10, 3, 5, 2]
[44, 10, 3, 5, 2]
[44, 10, 3, 5, 2]
[44, 10, 3, 5, 2]
[44, 10, 3, 5, 2]
[44, 10, 3, 5, 2]
[44, 10, 3, 5, 2]
[44, 10, 3, 5, 2]
[44, 10, 3, 5, 2]
[44, 10, 3, 5, 2]
[44, 10, 3, 5, 2]
[44, 10, 3, 5, 2]
[44, 10, 3, 5, 2]
[44, 10, 3, 5, 2]
[43, 9, 4, 5, 2]
[43, 9, 4, 5, 2]
[43, 9, 4, 5, 2]
[44, 10, 3, 5, 2]
[43, 9, 4, 5, 2]
[44, 10, 3, 5, 2]
[43, 9, 4, 5, 2]
[43, 9, 4, 5, 2]
[43, 9, 4, 5, 2]
[44, 10, 3, 5, 2]
[43, 9, 4, 5, 2]
[43, 9, 4, 5, 2]
[43, 9, 4, 5, 2]
[43, 9, 4, 5, 2]
[43, 9, 4, 5, 2]
[43, 9, 4, 5, 2]
[43, 9, 4, 5, 2]
[43, 9, 4, 5, 2]
[43, 9, 4, 5, 2]
[43, 9, 4, 5, 2]
[43, 9, 4, 5, 2]
[43, 9, 4, 5, 2]
[43, 9, 4, 5, 2]
[42, 9, 4, 4, 3]
[42, 9, 4, 4, 3]
[42, 9, 4, 4, 3]
[42, 9, 4, 4, 3]
[42, 9, 4, 4, 3]
[42, 9, 4, 4, 3]
[42, 9, 4, 4, 3]
[42, 9, 4, 4, 3]
[42, 9, 4, 4, 3]
[42, 9, 4, 4, 3]
[42, 9, 4, 4, 3]
[42, 9, 4, 4, 3]
[42, 9, 4, 4, 3]
[42, 9, 4, 4, 3]
[42, 9, 4, 4, 3]
[42, 9, 4, 4, 3]
[42, 9, 4, 4, 3]
[42, 9, 4, 4, 3]
[42, 9, 4, 4, 3]
[42, 9, 4, 4, 3]
[42, 9, 4, 4, 3]
[42, 9, 4, 4, 3]
[42, 9, 4, 4, 3]
[42, 9, 4, 4, 3]
[42, 9, 4, 4, 3]
[42, 9, 4, 4, 3]
[42, 9, 4, 4, 3]
[40, 10, 4, 4, 3]
[40, 10, 4, 4, 3]
[40, 10, 4, 4, 3]
[40, 10, 4, 4, 3]
[40, 10, 4, 4, 3]
[40, 10, 4, 4, 3]
[40, 10, 4, 4, 3]
[40, 10, 4, 4, 3]
[40, 10, 4, 4, 3]
[40, 10, 4, 4, 3]
[40, 10, 4, 4, 3]
[40, 10, 4, 4, 3]
[40, 10, 4, 4, 3]
[40, 10, 4, 4, 3]
[40, 10, 4, 4, 3]
[40, 10, 4, 4, 3]
[40, 10, 4, 4, 3]
[40, 10, 4, 4, 3]
[40, 10, 4, 4, 3]
[40, 10, 4, 4, 3]
[40, 10, 4, 4, 3]
[40, 10, 4, 4, 3]
[40, 10, 4, 4, 3]
[40, 10, 4, 4, 3]
[40, 10, 4, 4, 3]
[40, 10, 4, 4, 3]
[40, 10, 4, 4, 3]
[40, 10, 4, 4, 3]
[40, 10, 4, 4, 3]
[40, 10, 4, 4, 3]
[40, 10, 4, 4, 3]
[40, 10, 4, 4, 3]
[40, 10, 4, 4, 3]
[40, 10, 4, 4, 3]
[40, 10, 4, 4, 3]
[39, 9, 5, 4, 3]
[39, 9, 5, 4, 3]
[39, 9, 5, 4, 3]
[39, 9, 5, 4, 3]
[39, 9, 5, 4, 3]
[39, 9, 5, 4, 3]
[39, 9, 5, 4, 3]
[39, 9, 5, 4, 3]
[39, 9, 5, 4, 3]
[39, 9, 5, 4, 3]
[39, 9, 5, 4, 3]
[39, 9, 5, 4, 3]
[39, 9, 5, 4, 3]
[39, 9, 5, 4, 3]
[39, 9, 5, 4, 3]
[38, 9, 5, 3, 4]
[38, 9, 5, 3, 4]
[38, 9, 5, 3, 4]
[38, 9, 5, 3, 4]
[38, 9, 5, 3, 4]
[38, 9, 5, 3, 4]
[38, 9, 5, 3, 4]
[38, 9, 5, 3, 4]
[38, 9, 5, 3, 4]
[38, 9, 5, 3, 4]
[38, 9, 5, 3, 4]
[38, 9, 5, 3, 4]
[38, 9, 5, 3, 4]
[38, 9, 5, 3, 4]
[38, 9, 5, 3, 4]
[38, 9, 5, 3, 4]
[38, 9, 5, 3, 4]
[38, 9, 5, 3, 4]
[38, 9, 5, 3, 4]
[38, 9, 5, 3, 4]
[38, 9, 5, 3, 4]
[38, 9, 5, 3, 4]
[38, 9, 5, 3, 4]
[38, 9, 5, 3, 4]
[38, 9, 5, 3, 4]
[36, 10, 5, 3, 4]
[36, 10, 5, 3, 4]
[36, 10, 5, 3, 4]
[36, 10, 5, 3, 4]
[36, 10, 5, 3, 4]
[36, 10, 5, 3, 4]
[36, 10, 5, 3, 4]
[36, 10, 5, 3, 4]
[36, 10, 5, 3, 4]
[36, 10, 5, 3, 4]
[36, 10, 5, 3, 4]
[36, 10, 5, 3, 4]
[36, 10, 5, 3, 4]
[36, 10, 5, 3, 4]
[36, 10, 5, 3, 4]
[36, 10, 5, 3, 4]
[36, 10, 5, 3, 4]
[34, 11, 5, 3, 4]
[34, 11, 5, 3, 4]
[34, 11, 5, 3, 4]
[34, 11, 5, 3, 4]
[34, 11, 5, 3, 4]
[34, 11, 5, 3, 4]
[34, 11, 5, 3, 4]
[34, 11, 5, 3, 4]
[34, 11, 5, 3, 4]
[33, 10, 6, 3, 4]
[33, 10, 6, 3, 4]
[33, 10, 6, 3, 4]
[33, 10, 6, 3, 4]
[33, 10, 6, 3, 4]
[33, 10, 6, 3, 4]
[33, 10, 6, 3, 4]
[33, 10, 6, 3, 4]
[33, 10, 6, 3, 4]
[33, 10, 6, 3, 4]
[33, 10, 6, 3, 4]
[33, 10, 6, 3, 4]
[33, 10, 6, 3, 4]
[33, 10, 6, 3, 4]
[33, 10, 6, 3, 4]
[33, 10, 6, 3, 4]
[33, 10, 6, 3, 4]
[33, 10, 6, 3, 4]
[33, 10, 6, 3, 4]
[33, 10, 6, 3, 4]
[33, 10, 6, 3, 4]
[33, 10, 6, 3, 4]
[33, 10, 6, 3, 4]
[33, 10, 6, 3, 4]
[33, 10, 6, 3, 4]
[33, 10, 6, 3, 4]
[33, 10, 6, 3, 4]
[33, 10, 6, 3, 4]
[33, 10, 6, 3, 4]
[33, 10, 6, 3, 4]
[33, 10, 6, 3, 4]
[33, 10, 6, 3, 4]
[33, 10, 6, 3, 4]
[33, 10, 6, 3, 4]
[33, 10, 6, 3, 4]
[33, 10, 6, 3, 4]
[33, 10, 6, 3, 4]
[33, 10, 6, 3, 4]
[33, 10, 6, 3, 4]
[33, 10, 6, 3, 4]
[33, 10, 6, 3, 4]
[33, 10, 6, 3, 4]
[33, 10, 6, 3, 4]
[33, 10, 6, 3, 4]
[33, 10, 6, 3, 4]
[33, 10, 6, 3, 4]
[33, 10, 6, 3, 4]
[33, 10, 6, 3, 4]
[33, 10, 6, 3, 4]
[33, 10, 6, 3, 4]
[33, 10, 6, 3, 4]
[33, 10, 6, 3, 4]
[33, 10, 6, 3, 4]
[33, 10, 6, 3, 4]
[33, 10, 6, 3, 4]
[33, 10, 6, 3, 4]
[33, 10, 6, 3, 4]
[31, 11, 6, 3, 4]
[31, 11, 6, 3, 4]
[31, 11, 6, 3, 4]
[31, 11, 6, 3, 4]
[31, 11, 6, 3, 4]
[31, 11, 6, 3, 4]
[31, 11, 6, 3, 4]
[31, 11, 6, 3, 4]
[31, 11, 6, 3, 4]
[31, 11, 6, 3, 4]
[31, 11, 6, 3, 4]
[31, 11, 6, 3, 4]
[31, 11, 6, 3, 4]
[31, 11, 6, 3, 4]
[31, 11, 6, 3, 4]
[31, 11, 6, 3, 4]
[31, 11, 6, 3, 4]
[31, 11, 6, 3, 4]
[31, 11, 6, 3, 4]
[31, 11, 6, 3, 4]
[31, 11, 6, 3, 4]
[31, 11, 6, 3, 4]
[31, 11, 6, 3, 4]
[31, 11, 6, 3, 4]
[31, 11, 6, 3, 4]
[31, 11, 6, 3, 4]
[31, 11, 6, 3, 4]
[31, 11, 6, 3, 4]
[31, 11, 6, 3, 4]
[31, 11, 6, 3, 4]
[31, 11, 6, 3, 4]
[33, 10, 6, 3, 4]
[31, 11, 6, 3, 4]
[31, 11, 6, 3, 4]
[31, 11, 6, 3, 4]
[31, 11, 6, 3, 4]
[31, 11, 6, 3, 4]
[31, 11, 6, 3, 4]
[31, 11, 6, 3, 4]
[30, 11, 6, 2, 5]
[30, 11, 6, 2, 5]
[30, 11, 6, 2, 5]
[30, 11, 6, 2, 5]
[30, 11, 6, 2, 5]
[30, 11, 6, 2, 5]
[30, 11, 6, 2, 5]
[30, 11, 6, 2, 5]
[30, 11, 6, 2, 5]
[30, 11, 6, 2, 5]
[30, 11, 6, 2, 5]
[30, 11, 6, 2, 5]
[30, 11, 6, 2, 5]
[30, 11, 6, 2, 5]
[30, 11, 6, 2, 5]
[30, 11, 6, 2, 5]
[30, 11, 6, 2, 5]
[30, 11, 6, 2, 5]
[30, 11, 6, 2, 5]
[30, 11, 6, 2, 5]
[30, 11, 6, 2, 5]
[30, 11, 6, 2, 5]
[30, 11, 6, 2, 5]
[30, 11, 6, 2, 5]
[30, 11, 6, 2, 5]
[30, 11, 6, 2, 5]
[30, 11, 6, 2, 5]
[30, 11, 6, 2, 5]
[30, 11, 6, 2, 5]
[30, 11, 6, 2, 5]
[30, 11, 6, 2, 5]
[30, 11, 6, 2, 5]
[30, 11, 6, 2, 5]
[30, 11, 6, 2, 5]
[30, 11, 6, 2, 5]
[30, 11, 6, 2, 5]
[30, 11, 6, 2, 5]
[30, 11, 6, 2, 5]
[30, 11, 6, 2, 5]
[30, 11, 6, 2, 5]
[30, 11, 6, 2, 5]
[30, 11, 6, 2, 5]
[30, 11, 6, 2, 5]
[30, 11, 6, 2, 5]
[30, 11, 6, 2, 5]
[30, 11, 6, 2, 5]
[30, 11, 6, 2, 5]
[30, 11, 6, 2, 5]
[30, 11, 6, 2, 5]
[30, 11, 6, 2, 5]
[30, 11, 6, 2, 5]
[30, 11, 6, 2, 5]
[30, 11, 6, 2, 5]
[30, 11, 6, 2, 5]
[30, 11, 6, 2, 5]
[30, 11, 6, 2, 5]
[30, 11, 6, 2, 5]
[30, 11, 6, 2, 5]
[30, 11, 6, 2, 5]
[30, 11, 6, 2, 5]
[30, 11, 6, 2, 5]
[30, 11, 6, 2, 5]
[30, 11, 6, 2, 5]
[30, 11, 6, 2, 5]
[30, 11, 6, 2, 5]
[30, 11, 6, 2, 5]
[30, 11, 6, 2, 5]
[30, 11, 6, 2, 5]
[30, 11, 6, 2, 5]
[30, 11, 6, 2, 5]
[30, 11, 6, 2, 5]
[30, 11, 6, 2, 5]
[30, 11, 6, 2, 5]
[30, 11, 6, 2, 5]
[30, 11, 6, 2, 5]
[30, 11, 6, 2, 5]
[30, 11, 6, 2, 5]
[30, 11, 6, 2, 5]
[30, 11, 6, 2, 5]
[30, 11, 6, 2, 5]
[30, 11, 6, 2, 5]
[29, 11, 5, 3, 5]
[29, 11, 5, 3, 5]
[29, 11, 5, 3, 5]
[29, 11, 5, 3, 5]
[29, 11, 5, 3, 5]
[29, 11, 5, 3, 5]
[29, 11, 5, 3, 5]
[29, 11, 5, 3, 5]
[29, 11, 5, 3, 5]
[29, 11, 5, 3, 5]
[29, 11, 5, 3, 5]
[29, 11, 5, 3, 5]
[29, 11, 5, 3, 5]
[29, 11, 5, 3, 5]
[29, 11, 5, 3, 5]
[29, 11, 5, 3, 5]
[29, 11, 5, 3, 5]
[29, 11, 5, 3, 5]
[29, 11, 5, 3, 5]
[29, 11, 5, 3, 5]
[29, 11, 5, 3, 5]
[29, 11, 5, 3, 5]
[29, 11, 5, 3, 5]
[29, 11, 5, 3, 5]
[29, 11, 5, 3, 5]
[29, 11, 5, 3, 5]
[29, 11, 5, 3, 5]
[29, 11, 5, 3, 5]
[29, 11, 5, 3, 5]
[29, 11, 5, 3, 5]
[29, 11, 5, 3, 5]
[29, 11, 5, 3, 5]
[29, 11, 5, 3, 5]
[29, 11, 5, 3, 5]
[29, 11, 5, 3, 5]
[29, 11, 5, 3, 5]
[29, 11, 5, 3, 5]
[29, 11, 5, 3, 5]
[29, 11, 5, 3, 5]
[29, 11, 5, 3, 5]
[29, 11, 5, 3, 5]
[29, 11, 5, 3, 5]
[29, 11, 5, 3, 5]
[29, 11, 5, 3, 5]
[29, 11, 5, 3, 5]
[29, 11, 5, 3, 5]
[29, 11, 5, 3, 5]
[29, 11, 5, 3, 5]
[29, 11, 5, 3, 5]
[29, 11, 5, 3, 5]
[29, 11, 5, 3, 5]
[29, 11, 5, 3, 5]
[29, 11, 5, 3, 5]
[29, 11, 5, 3, 5]
[29, 11, 5, 3, 5]
[29, 11, 5, 3, 5]
[29, 11, 5, 3, 5]
[29, 11, 5, 3, 5]
[29, 11, 5, 3, 5]
[29, 11, 5, 3, 5]
[29, 11, 5, 3, 5]
[29, 11, 5, 3, 5]
[29, 11, 5, 3, 5]
[29, 11, 5, 3, 5]
[29, 11, 5, 3, 5]
[29, 11, 5, 3, 5]
[29, 11, 5, 3, 5]
[29, 11, 5, 3, 5]
[29, 11, 5, 3, 5]
[29, 11, 5, 3, 5]
[29, 11, 5, 3, 5]
[29, 11, 5, 3, 5]
[29, 11, 5, 3, 5]
[29, 11, 5, 3, 5]
[29, 11, 5, 3, 5]
[29, 11, 5, 3, 5]
[29, 11, 5, 3, 5]
[29, 11, 5, 3, 5]
[29, 11, 5, 3, 5]
[29, 11, 5, 3, 5]
[29, 11, 5, 3, 5]
[27, 12, 5, 3, 5]
[27, 12, 5, 3, 5]
[27, 12, 5, 3, 5]
[27, 12, 5, 3, 5]
[27, 12, 5, 3, 5]
[27, 12, 5, 3, 5]
[27, 12, 5, 3, 5]
[27, 12, 5, 3, 5]
[27, 12, 5, 3, 5]
[27, 12, 5, 3, 5]
[27, 12, 5, 3, 5]
[27, 12, 5, 3, 5]
[27, 12, 5, 3, 5]
[26, 11, 6, 3, 5]
[26, 11, 6, 3, 5]
[26, 11, 6, 3, 5]
[26, 11, 6, 3, 5]
[26, 11, 6, 3, 5]
[26, 11, 6, 3, 5]
[26, 11, 6, 3, 5]
[26, 11, 6, 3, 5]
[26, 11, 6, 3, 5]
[26, 11, 6, 3, 5]
[26, 11, 6, 3, 5]
[26, 11, 6, 3, 5]
[26, 11, 6, 3, 5]
[26, 11, 6, 3, 5]
[26, 11, 6, 3, 5]
[26, 11, 6, 3, 5]
[26, 11, 6, 3, 5]
[26, 11, 6, 3, 5]
[26, 11, 6, 3, 5]
[26, 11, 6, 3, 5]
[26, 11, 6, 3, 5]
[26, 11, 6, 3, 5]
[26, 11, 6, 3, 5]
[26, 11, 6, 3, 5]
[26, 11, 6, 3, 5]
[26, 11, 6, 3, 5]
[26, 11, 6, 3, 5]
[26, 11, 6, 3, 5]
[26, 11, 6, 3, 5]
[26, 11, 6, 3, 5]
[26, 11, 6, 3, 5]
[26, 11, 6, 3, 5]
[26, 11, 6, 3, 5]
[26, 11, 6, 3, 5]
[26, 11, 6, 3, 5]
[26, 11, 6, 3, 5]
[26, 11, 6, 3, 5]
[26, 11, 6, 3, 5]
[26, 11, 6, 3, 5]
[26, 11, 6, 3, 5]
[26, 11, 6, 3, 5]
[26, 11, 6, 3, 5]
[26, 11, 6, 3, 5]
[26, 11, 6, 3, 5]
[26, 11, 6, 3, 5]
[24, 12, 6, 3, 5]
[24, 12, 6, 3, 5]
[24, 12, 6, 3, 5]
[24, 12, 6, 3, 5]
[24, 12, 6, 3, 5]
[24, 12, 6, 3, 5]
[24, 12, 6, 3, 5]
[26, 11, 6, 3, 5]
[24, 12, 6, 3, 5]
[24, 12, 6, 3, 5]
[24, 12, 6, 3, 5]
[24, 12, 6, 3, 5]
[24, 12, 6, 3, 5]
[24, 12, 6, 3, 5]
[24, 12, 6, 3, 5]
[24, 12, 6, 3, 5]
[24, 12, 6, 3, 5]
[26, 11, 6, 3, 5]
[24, 12, 6, 3, 5]
