([0,1])
(1)
[]
[]
([0,1])
(1)
[]
[]
([0,1])
(1)
[]
[]
([0,1,2,3,4])
(1)
[]
[]
([0,1])
(1)
[]
[]
([0,1])
(1)
[]
[]
([0,1,2])
(1)
[]
[]
([0,1,2,3])
(1)
[]
[]
([0,1,2,3])
(1)
[]
[]
([0,1,2,3])
(1)
[]
[]
([0,1,2])
(1)
[]
[]
([0,1,2,3,4])
(1)
[]
[]
([0,1,2,3,4])
(1)
[]
[]
([0,1])
(1)
[]
[]
([0,1])
(1)
[]
[]
([0,1])
(1)
[]
[]
([0,1,2])
(1)
[]
[]
([0,1,2,3,4])
(1)
[]
[]
([0,1,2])
(1)
[]
[]
([0,1,2,3,4])
(1)
[]
[]
([0,1,2])
(1)
[]
[]
([0,1])
(1)
[]
[]
([0,1])
(1)
[]
[]
([0,1,2], [3,4], [5,6])
(0, 1, 1)
[(Polymers[0], Polymers[2]), (Polymers[2], Polymers[0]), (Polymers[0], Polymers[1]), (Polymers[0], Polymers[1]), (Polymers[2], Polymers[0]), (Polymers[0], Polymers[2])]
[(0,1), (0,1), (2,0), (2,0), (0,1), (0,1)]
